0		0	3
1		0	3
2		0	3
7		0	1,3
8		0	3
10		0	3
13		0	3
14		0	3
15		0	3
16		0	3
17		0	3
19		0	3
21		0	3
22		0	3
25		0	3
26		0	3
27		0	3
28		0	3
30		0	3
31		0	1,3
34		0	3
35		0	3
36		0	3
37		0	3
39		0	3
40		0	3
42		0	3
43		0	3
44		0	3
45		0	3
46		0	3
48		0	3
51		0	3
52		0	3
53		0	3
54		0	3
56		0	3
57		0	3
60		0	3
61		0	3
62		0	3
66		0	3
67		0	3
68		0	3
69		0	3
71		0	3
73		0	3
75		0	3
77		0	3
79		0	3
80		0	3
81		0	3
82		0	3
83		0	3
85		0	3
86		0	3
88		0	3
90		0	3
95		0	3
96		0	3
97		0	3
98		0	3
100		0	3
101		0	3
104		0	3
105		0	3
108		0	3
111		0	3
112		0	3
113		0	3
117		0	3
118		0	3
119		0	3
120		0	3
121		0	3
122		0	3
123		0	3
125		0	3
126		0	3
127		0	3
129		0	3
131		0	3
133		0	3
136		0	3
138		0	3
139		0	3
140		0	3
141		0	3
142		0	3
148		0	3
152		0	3
154		0	3
155		0	3
157		0	3
160		0	3
161		0	1,3
162		0	3
163		0	3
165		0	3
166		0	3
169		0	3
170		0	3
171		0	3
172		0	3
173		0	3
174		0	3
176		0	3
178		0	3
179		0	3
180		0	3
181		0	1,3
184		0	3
185		0	3
188		0	1,3
190		0	3
191		0	3
192		0	3
193		0	3
195		0	3
196		0	3
197		0	1,3
198		0	3
199		0	3
200		0	3
202		0	3
203		0	3
204		0	3
207		0	3
208		0	3
209		0	3
210		0	3
211		0	3
212		0	3
213		0	3
216		0	3
217		0	3
219		0	3
220		0	3
221		0	3
223		0	3
224		0	3
229		0	3
231		0	3
233		0	3
234		0	3
235		0	3
236		0	3
237		0	3
238		0	3
239		0	3
240		0	3
241		0	2,3
242		0	3
243		0	3
244		0	3
245		0	3
246		0	3
247		0	3
248		0	3
252		0	3
253		0	3
255		0	3
256		0	3
257		0	3
259		0	3
260		0	3
263		0	3
264		0	3
265		0	2,3
266		0	3
269		0	3
270		0	3
271		0	3
272		0	3
273		0	3
276		0	3
277		0	1,2,4
278		0	3
280		0	3
282		0	3
284		0	3
285		0	3
286		0	3
288		0	3
290		0	3
291		0	3
292		0	3
293		0	3
295		0	3
296		0	3
297		0	3
298		0	3
299		0	3
300		0	3
303		0	3
304		0	3
305		0	3
306		0	3
307		0	3
308		0	3
310		0	3
311		0	3
312		0	3
316		0	3
317		0	3
318		0	3
319		0	3
320		0	3
321		0	3
322		0	3
323		0	3
324		0	3
325		0	3
326		0	3
327		0	3
328		0	3
329		0	3
330		0	3
333		0	3
334		0	3
335		0	3
336		0	3
337		0	3
338		0	3
339		0	3
340		0	3
341		0	3
343		0	3
345		0	3
346		0	3
347		0	3
348		0	3
350		0	3
353		0	3
354		0	3
355		0	3
356		0	3
357		0	3
361		0	3
363		0	3
364		0	3
365		0	3
367		0	3
371		0	3
372		0	3
373		0	3
375		0	3
377		0	3
378		0	3
380		0	3
381		0	3
382		0	3
383		0	3
384		0	3
385		0	3
386		0	3
387		0	3
389		0	3
391		0	3
393		0	3
395		0	3
396		0	3
398		0	3
400		0	3
401		0	3
402		0	3
403		0	3
404		0	3
405		0	3
406		0	3
409		0	3
412		0	3
413		0	3
414		0	3
416		0	3
417		0	3
418		0	3
419		0	3
422		0	3
423		0	3
426		0	3
428		0	3
429		0	3
430		0	3
432		0	3
433		0	3
434		0	3
435		0	3
436		0	3
437		0	3
438		0	3
439		0	3
441		0	3
442		0	3
443		0	3
444		0	3
445		0	3
446		0	3
447		0	3
449		0	1,3
450		0	3
451		0	3
452		0	3
454		0	3
456		0	3
457		0	3
458		0	3
459		0	3
460		0	3
461		0	3
462		0	3
463		0	3
465		0	3
466		0	3
467		0	3
468		0	3
470		0	3
472		0	3
473		0	3
476		0	3
477		0	3
478		0	3
480		0	3
481		0	3
482		0	3
483		0	3
485		0	3
487		0	3
488		0	3
491		0	2,3
492		0	3
495		0	3
496		0	3
497		0	3
499		0	2,3
500		0	3
501		0	3
503		0	3
504		0	3
505		0	3
506		0	3
509		0	3
510		0	3
512		0	3
513		0	3
517		0	3
519		0	3
520		0	3
521		0	3
522		0	3
523		0	3
524		0	3
526		0	3
527		0	3
530		0	3
531		0	3
532		0	3
534		0	3
535		0	3
536		0	3
537		0	3
538		0	3
539		0	3
541		0	3
542		0	3
544		0	3
546		0	3
547		0	3
548		0	3
549		0	3
550		0	3
552		0	3
555		0	3
556		0	3
559		0	3
560		0	3
562		0	3
563		0	3
567		0	3
568		0	3
569		0	3
570		0	3
571		0	3
573		0	3
574		0	3
575		0	3
576		0	3
579		0	3
581		0	3
583		0	3
584		0	3
585		0	3
586		0	3
587		0	3
588		0	3
589		0	3
590		0	3
591		0	3
592		0	3
593		0	3
594		0	3
595		0	3
596		0	3
597		0	3
598		0	3
601		0	3
602		0	3
605		0	3
606		0	3
608		0	3
609		0	3
611		0	3
612		0	3
613		0	3
614		0	3
617		0	3
618		0	3
620		0	3
621		0	3
623		0	3
624		0	3
625		0	3
626		0	3
627		0	3
628		0	3
630		0	2,3
631		0	3
632		0	3
633		0	3
635		0	3
636		0	3
638		0	3
639		0	3
640		0	3
641		0	3
643		0	3
644		0	3
646		0	3
647		0	3
649		0	3
652		0	3
653		0	3
654		0	3
655		0	3
656		0	3
659		0	3
660		0	3
661		0	3
662		0	3
663		0	3
667		0	3
668		0	3
669		0	3
670		0	3
671		0	3
672		0	3
673		0	3
674		0	3
675		0	3
676		0	3
678		0	3
679		0	3
681		0	3
682		0	3
683		0	3
684		0	3
685		0	3
686		0	3
689		0	3
690		0	2,3
691		0	3
692		0	3
693		0	2,3,4
694		0	3
696		0	3
697		0	3
698		0	3
699		0	3
700		0	3
702		0	3
704		0	3
706		0	3
707		0	3
710		0	3
711		0	3
712		0	3
714		0	3
716		0	3
718		0	3
719		0	3
720		0	3
721		0	3
722		0	3
724		0	3
725		0	3
727		0	3
728		0	3
729		0	3
733		0	3
735		0	3
736		0	3
737		0	3
738		0	3
739		0	3
740		0	3
741		0	3
744		0	3
746		0	3
747		0	3
748		0	3
749		0	3
751		0	3
754		0	3
756		0	3
758		0	3
759		0	3
762		0	3
763		0	3
764		0	3
765		0	3
770		0	3
771		0	3
773		0	3
775		0	3
777		0	3
778		0	3
780		0	3
781		0	3
782		0	3
785		0	3
786		0	3
787		0	3
788		0	3
790		0	3
791		0	3
792		0	3
793		0	3
795		0	3
796		0	3
797		0	3
799		0	3
800		0	3
801		0	3
802		0	3
804		0	3
806		0	3
809		0	3
810		0	3
812		0	3
816		0	3
817		0	3
818		0	3
821		0	3
823		0	3
824		0	3
825		0	3
826		0	3
827		0	3
828		0	3
830		0	3
831		0	3
832		0	3
833		0	3
834		0	3
835		0	3
836		0	3
837		0	3
839		0	3
840		0	3
843		0	3
845		0	3
846		0	3
847		0	3
848		0	3
850		0	3
851		0	3
852		0	1,3
853		0	3
854		0	3
855		0	3
856		0	3
857		0	3
858		0	3
861		0	3
862		0	3
863		0	3
864		0	3
866		0	3
869		0	1,3
871		0	3
874		0	3
876		0	3
878		0	3
879		0	3
880		0	3
881		0	3
882		0	3
883		0	3
884		0	3
885		0	3
886		0	3
887		0	3
888		0	3
889		0	3
890		0	3
892		0	3
894		0	3
895		0	3
900		0	3
901		0	2,3
902		0	3
903		0	3
904		0	2,3
906		0	3
907		0	3
909		0	3
910		0	3
911		0	3
912		0	3
914		0	3
916		0	3
918		0	3
919		0	3
922		0	3
924		0	3
926		0	3
928		0	3
929		0	3
930		0	3
931		0	3
932		0	3
933		0	3
934		0	3
935		0	3
936		0	3
938		0	3
939		0	3
942		0	3
943		0	3
944		0	3
946		0	3
948		0	3
949		0	3
951		0	3
952		0	3
953		0	3
954		0	3
956		0	3
957		0	3
958		0	3
959		0	3
962		0	3
963		0	3
964		0	3
967		0	3
968		0	3
970		0	3
972		0	3
973		0	3
974		0	3
976		0	3
977		0	3
978		0	3
979		0	3
981		0	3
984		0	2,3
986		0	3
987		0	3
988		0	3
989		0	3,4
991		0	3
992		0	3
994		0	3
995		0	3
996		0	3
999		0	3
1002		0	3
1004		0	3
1005		0	3
1007		0	3
1008		0	3
1009		0	3
1010		0	3
1011		0	3
1012		0	3
1015		0	3
1016		0	3
1017		0	3
1019		0	3
1020		0	3
1021		0	3
1023		0	3
1024		0	3
1025		0	3
1026		0	3
1028		0	3
1029		0	3
1030		0	3
1032		0	3
1033		0	3
1035		0	3
1037		0	3
1040		0	3
1041		0	3
1043		0	2,3
1044		0	3
1045		0	3
1046		0	3
1047		0	3
1048		0	3
1050		0	3
1051		0	3
1052		0	3
1053		0	3
1054		0	3
1055		0	2,3
1056		0	3
1057		0	3
1058		0	3
1061		0	2,3
1064		0	3
1065		0	3
1067		0	3
1069		0	3
1070		0	3
1071		0	3
1072		0	3
1074		0	3
1076		0	3
1079		0	3
1080		0	3
1081		0	3
1083		0	3
1084		0	3
1085		0	3
1086		0	3
1087		0	3
1088		0	3
1089		0	3
1090		0	2,3
1091		0	3
1094		0	3
1095		0	3
1097		0	3
1098		0	3
1099		0	3
1100		0	3
1101		0	3
1102		0	3
1103		0	3
1104		0	3
1105		0	3
1108		0	3
1111		0	3
1114		0	3
1115		0	3
1117		0	3
1118		0	3
1119		0	3
1120		0	3
1121		0	3
1123		0	3
1126		0	3
1128		0	3
1131		0	3
1132		0	3
1133		0	3
1135		0	3
1136		0	3
1137		0	3
1138		0	3
1139		0	2,3
1140		0	3
1141		0	3
1142		0	3
1143		0	3
1144		0	3
1145		0	3
1146		0	3
1147		0	3
1148		0	3
1150		0	3
1151		0	3
1152		0	3
1153		0	3
1154		0	3
1156		0	3
1157		0	3
1158		0	3
1160		0	3
1161		0	3
1162		0	3
1163		0	3
1164		0	3
1165		0	3
1167		0	3
1169		0	3
1171		0	3
1172		0	3
1173		0	3
1174		0	3
1175		0	3
1176		0	3
1177		0	3
1179		0	3
1180		0	3
1181		0	3
1182		0	3
1183		0	3
1184		0	3
1186		0	3
1187		0	3
1191		0	3
1192		0	3
1195		0	3
1198		0	3
1200		0	3
1202		0	1,3
1203		0	3
1207		0	3
1208		0	3
1209		0	3
1211		0	3
1212		0	3
1213		0	3
1214		0	3
1215		0	3
1220		0	3
1221		0	3
1223		0	3
1224		0	3
1225		0	3
1226		0	3
1227		0	3
1228		0	3
1229		0	3
1230		0	3
1231		0	3
1232		0	3
1233		0	3
1236		0	3
1237		0	3
1238		0	3
1240		0	3
1241		0	3
1242		0	2,3
1244		0	3
1245		0	3
1246		0	3
1247		0	3
1248		0	3
1249		0	3
1250		0	3
1251		0	3
1252		0	2,3
1256		0	3
1258		0	1,3
1259		0	3
1260		0	3
1261		0	3
1262		0	3
1263		0	3
1264		0	3
1265		0	3
1268		0	3
1271		0	3
1272		0	3
1273		0	3
1274		0	2,3
1275		0	3
1277		0	3
1278		0	3
1279		0	3
1280		0	3
1281		0	3
1282		0	3
1283		0	3
1284		0	3
1285		0	3
1286		0	3
1287		0	3
1288		0	3
1289		0	3
1290		0	3
1291		0	3
1293		0	3
1294		0	3
1296		0	3
1297		0	3
1299		0	3
1301		0	3
1303		0	3
1305		0	3
1307		0	2,3
1309		0	3
1310		0	3
1311		0	3
1312		0	3
1313		0	3
1315		0	3
1316		0	3
1317		0	3
1318		0	3
1320		0	3
1321		0	3
1322		0	3
1324		0	3
1325		0	3
1326		0	3
1327		0	3
1331		0	3
1334		0	3
1337		0	3
1338		0	3
1340		0	3
1341		0	3
1343		0	3
1344		0	3
1345		0	3
1347		0	3
1348		0	3
1349		0	3
1350		0	3
1352		0	3
1353		0	3
1354		0	3
1357		0	3
1362		0	3
1364		0	3
1365		0	3
1368		0	3
1370		0	3
1371		0	3
1372		0	3
1375		0	3
1376		0	3
1377		0	3
1378		0	3
1380		0	3
1381		0	3
1382		0	3
1383		0	3
1386		0	1,3
1389		0	3
1390		0	3
1392		0	3
1393		0	3
1394		0	3
1396		0	3
1397		0	3
1398		0	3
1400		0	3
1401		0	3
1402		0	3
1403		0	3
1406		0	3
1407		0	3
1408		0	3
1409		0	3
1411		0	3
1412		0	3
1414		0	3
1415		0	3
1417		0	3
1418		0	3
1419		0	3
1420		0	3
1422		0	3
1424		0	3
1426		0	3
1427		0	3
1430		0	3
1433		0	3
1434		0	3
1435		0	3
1436		0	3
1437		0	3
1438		0	3
1440		0	3
1441		0	3
1442		0	3
1445		0	3
1446		0	3
1449		0	3
1450		0	3
1451		0	3
1452		0	3
1453		0	3
1455		0	3
1457		0	3
1458		0	3
1459		0	3
1460		0	3
1462		0	3
1463		0	3
1464		0	3
1465		0	3
1466		0	3
1467		0	3
1468		0	2,3
1470		0	3
1471		0	3
1472		0	3
1473		0	3
1474		0	3
1476		0	3
1477		0	3
1478		0	1,3
1479		0	3
1480		0	3
1481		0	3
1482		0	3
1483		0	3
1484		0	3
1485		0	3
1486		0	1,3
1487		0	3
1489		0	3
1492		0	3
1493		0	3
1495		0	3
1496		0	3
1497		0	2,3,4
1498		0	3
1499		0	3
1500		0	2,3
1501		0	3
1502		0	3
1503		0	3
1504		0	3
1505		0	3
1507		0	3
1508		0	3
1509		0	3
1510		0	3
1511		0	3
1512		0	3
1513		0	3
1514		0	3
1515		0	3
1516		0	3
1517		0	3
1518		0	3
1521		0	3
1523		0	3
1524		0	3
1525		0	3
1527		0	3
1528		0	3
1529		0	3
1530		0	3
1534		0	3
1536		0	3
1537		0	3
1538		0	3
1539		0	3
1541		0	3
1542		0	3
1544		0	3
1545		0	3
1547		0	3
1548		0	3
1549		0	3
1550		0	3
1552		0	3
1553		0	3
1556		0	3
1558		0	3
1559		0	3
1560		0	3
1561		0	3
1563		0	3
1564		0	2,3
1565		0	3
1566		0	3
1567		0	3
1568		0	3
1569		0	3
1570		0	3
1571		0	3
1572		0	3
1573		0	3
1574		0	3
1575		0	3
1576		0	3
1577		0	3
1579		0	3
1580		0	3
1581		0	3
1582		0	3
1583		0	3
1584		0	3
1586		0	3
1587		0	3
1592		0	3
1594		0	3
1595		0	3
1596		0	3
1597		0	3
1598		0	3
1599		0	3
1600		0	3
1601		0	3
1605		0	3
1606		0	2,3
1607		0	3
1608		0	3
1609		0	3
1610		0	3
1612		0	3
1613		0	2,3
1614		0	3
1615		0	3
1616		0	3
1618		0	3
1619		0	3
1620		0	3
1621		0	3
1622		0	3
1623		0	3
1625		0	3
1626		0	3
1627		0	3
1628		0	3
1629		0	3
1630		0	3
1632		0	3
1635		0	3
1638		0	3
1639		0	3
1640		0	2,3
1641		0	3
1642		0	3
1643		0	3
1645		0	3
1646		0	3
1647		0	3
1649		0	3
1650		0	3
1651		0	3
1652		0	3
1653		0	3
1654		0	3
1655		0	3
1656		0	3
1657		0	3
1658		0	3
1659		0	3
1661		0	3
1663		0	2,3
1664		0	3
1665		0	3
1669		0	3
1670		0	3
1671		0	3
1672		0	3
1673		0	3
1674		0	3
1675		0	3
1676		0	3
1677		0	3
1679		0	3
1680		0	3
1682		0	3
1684		0	3
1685		0	3
1687		0	3
1688		0	3
1690		0	3
1691		0	1,3
1692		0	3
1696		0	3
1698		0	3
1702		0	3
1703		0	3
1705		0	3
1706		0	3
1707		0	3
1708		0	3
1709		0	3
1712		0	3
1714		0	3
1715		0	3
1716		0	3
1717		0	1,3
1718		0	3
1720		0	2,3
1721		0	3
1722		0	3
1724		0	3
1725		0	3
1726		0	3
1727		0	3
1731		0	3
1732		0	3
1733		0	3
1736		0	3
1737		0	3
1738		0	3
1740		0	3
1741		0	3
1742		0	3
1743		0	3
1748		0	3
1752		0	3
1756		0	3
1757		0	3
1758		0	3
1759		0	3
1762		0	3
1763		0	3
1765		0	3
1766		0	3
1770		0	3
1771		0	3
1772		0	3
1773		0	3
1774		0	3
1777		0	3
1778		0	3
1779		0	3
1780		0	3
1781		0	3
1782		0	3
1784		0	3
1786		0	3
1787		0	3
1789		0	3
1790		0	3
1792		0	3
1794		0	3
1795		0	3
1796		0	3
1797		0	3
1798		0	3
1799		0	3
1800		0	3
1801		0	3
1804		0	3
1805		0	3
1806		0	3
1807		0	3
1808		0	3
1809		0	3
1810		0	3
1811		0	3
1812		0	3
1813		0	3
1814		0	3
1815		0	3
1816		0	3
1817		0	3
1818		0	3
1819		0	3
1820		0	3
1821		0	3
1823		0	3
1826		0	3
1829		0	3
1831		0	3
1833		0	3
1834		0	3
1835		0	3
1836		0	3
1837		0	3
1838		0	2,3
1839		0	3
1840		0	3
1841		0	3
1842		0	3
1844		0	3
1846		0	3
1847		0	3
1848		0	3
1849		0	1,3
1850		0	3
1851		0	3
1853		0	3
1854		0	3
1855		0	3
1856		0	3
1857		0	3
1858		0	3
1861		0	3
1862		0	3
1864		0	3
1866		0	3
1868		0	3
1869		0	3
1870		0	3
1871		0	3
1872		0	3
1873		0	3
1874		0	3
1876		0	3
1877		0	1,2,3
1878		0	2,3
1880		0	3
1881		0	3
1882		0	3
1884		0	3
1885		0	3
1886		0	3
1888		0	3
1889		0	3
1891		0	3
1892		0	3
1894		0	3
1895		0	3
1896		0	3
1899		0	3
1900		0	3
1903		0	3
1904		0	2,3
1905		0	1,3
1906		0	3
1907		0	3
1909		0	3
1911		0	3
1913		0	3
1914		0	3
1916		0	3
1918		0	3
1920		0	3
1922		0	2,3
1925		0	3
1926		0	3
1935		0	3
1936		0	3
1937		0	3
1938		0	3
1940		0	3
1942		0	3
1943		0	3
1944		0	3
1945		0	3
1947		0	3
1948		0	3
1949		0	3
1950		0	3
1952		0	3
1954		0	3
1955		0	3
1957		0	3
1958		0	3
1959		0	3
1960		0	3
1961		0	3
1962		0	3
1963		0	3
1967		0	3
1970		0	1,3
1971		0	3
1973		0	3
1975		0	3
1976		0	3
1977		0	3
1981		0	3
1982		0	3
1983		0	3
1985		0	3
1987		0	3
1989		0	3
1990		0	3
1992		0	3
1993		0	3
1994		0	3
1995		0	3
1996		0	3
1997		0	3
1999		0	3
2001		0	3
2003		0	3
2004		0	3
2005		0	3
2006		0	3
2007		0	3
2008		0	3
2009		0	3
2012		0	3
2016		0	1,3
2020		0	3
2021		0	3
2022		0	3
2025		0	3
2026		0	3
2030		0	3
2032		0	3
2033		0	3
2034		0	3
2035		0	3
2036		0	3
2037		0	2,3
2038		0	2,3
2039		0	3
2042		0	3
2043		0	3
2046		0	3
2047		0	3
2048		0	3
2049		0	3
2050		0	3
2051		0	3
2052		0	3
2053		0	3
2057		0	3
2058		0	3
2059		0	3
2060		0	3
2063		0	3
2064		0	3
2065		0	3
2066		0	3
2069		0	3
2071		0	3
2073		0	3
2074		0	3
2077		0	3
2078		0	3
2079		0	3
2081		0	3
2085		0	3
2088		0	3
2089		0	3
2090		0	3
2091		0	3
2095		0	3
2096		0	3
2097		0	3
2098		0	3
2099		0	3
2100		0	3
2101		0	3
2102		0	3
2103		0	3
2105		0	3
2106		0	2,3
2107		0	3
2109		0	3
2110		0	3
2111		0	3
2112		0	3
2115		0	3
2116		0	2,3
2117		0	3
2118		0	3
2119		0	3
2120		0	3
2121		0	1,2,3
2124		0	3
2129		0	3
2130		0	3
2131		0	3
2132		0	3
2133		0	3
2137		0	3
2140		0	3
2145		0	3
2147		0	3
2148		0	3
2154		0	3
2155		0	3
2157		0	3
2158		0	3
2159		0	3
2160		0	3
2162		0	2,3
2164		0	3
2168		0	3
2169		0	3
2171		0	3
2175		0	3
2176		0	3
2177		0	3
2178		0	3
2179		0	2,3
2181		0	3
2183		0	3
2184		0	3
2185		0	3
2186		0	3
2188		0	3
2189		0	3
2190		0	3
2191		0	1,3
2192		0	3
2194		0	3
2195		0	3
2196		0	3
2197		0	3
2200		0	2,3
2201		0	3
2202		0	3
2203		0	3
2204		0	3
2205		0	3
2206		0	3
2207		0	3
2208		0	3
2210		0	3
2211		0	3
2214		0	3
2215		0	3
2216		0	3
2218		0	3
2219		0	3
2221		0	3
2222		0	3
2225		0	3
2226		0	3
2227		0	3
2228		0	3
2231		0	3
2234		0	3
2235		0	3
2236		0	3
2240		0	3
2242		0	3
2243		0	2,3
2244		0	3
2245		0	3
2249		0	3
2250		0	3
2251		0	3
2253		0	2,3
2255		0	3
2258		0	3
2259		0	3
2260		0	3
2262		0	3
2263		0	3
2264		0	3
2265		0	3
2266		0	3
2267		0	3
2268		0	3
2271		0	3
2273		0	3
2274		0	3
2275		0	3
2276		0	3
2278		0	3
2279		0	3
2281		0	3
2282		0	3
2283		0	3
2284		0	3
2287		0	3
2290		0	3
2293		0	3
2294		0	3
2295		0	3
2296		0	3
2298		0	3
2301		0	3
2305		0	2,3
2307		0	3
2308		0	3
2310		0	3
2311		0	3
2312		0	3
2313		0	3
2315		0	3
2318		0	3
2319		0	3
2320		0	3
2323		0	3
2324		0	3
2325		0	3
2327		0	3
2329		0	3
2330		0	3
2331		0	3
2332		0	3
2333		0	3
2335		0	3
2336		0	3
2338		0	3
2339		0	3
2340		0	3
2343		0	2,3
2344		0	3
2345		0	3
2346		0	3
2347		0	3
2349		0	3
2350		0	3
2351		0	3
2352		0	3
2353		0	3
2354		0	3
2355		0	3
2356		0	3
2357		0	3
2358		0	3
2359		0	3
2361		0	3
2362		0	3
2364		0	3
2365		0	3
2366		0	3
2370		0	3
2372		0	3
2373		0	3
2375		0	3
2376		0	3
2377		0	3
2378		0	3
2379		0	1,3
2380		0	3
2381		0	3
2383		0	3
2384		0	3
2386		0	3
2388		0	3
2389		0	3
2390		0	3
2391		0	3
2392		0	3
2394		0	1,3
2395		0	3
2396		0	3
2397		0	2,3,4
2399		0	3
2400		0	3
2402		0	3
2404		0	3
2405		0	3
2406		0	3
2408		0	3
2409		0	3
2410		0	1,3
2411		0	3
2412		0	3
2415		0	3
2418		0	3
2419		0	3
2420		0	3
2422		0	3
2423		0	3
2424		0	3
2426		0	3
2428		0	3
2429		0	3
2430		0	3
2431		0	3
2432		0	3
2433		0	3
2435		0	3
2438		0	3
2439		0	3
2440		0	3
2441		0	3
2443		0	1,3
2444		0	2,3
2445		0	3
2447		0	3
2448		0	3
2450		0	3
2451		0	3
2452		0	3
2453		0	3
2456		0	3
2457		0	3
2458		0	3
2459		0	3
2460		0	3
2462		0	3
2463		0	3
2464		0	3
2465		0	3
2466		0	3
2468		0	3
2469		0	3
2470		0	3
2471		0	3
2472		0	3
2474		0	3
2477		0	3
2479		0	3
2482		0	3
2484		0	3
2485		0	3
2487		0	3
2489		0	3
2490		0	3
2492		0	3
2493		0	2,3,4
2494		0	3
2495		0	3
2496		0	3
2497		0	3
2498		0	3
2499		0	3
2503		0	3
2504		0	3
2505		0	3
2506		0	3
2508		0	3
2512		0	3
2514		0	3
2515		0	3
2516		0	3
2517		0	3
2518		0	3
2519		0	3
2520		0	3
2521		0	3
2522		0	3
2523		0	3
2524		0	3
2525		0	3
2527		0	2,3
2528		0	3
2529		0	3
2530		0	3
2531		0	3
2532		0	3
2533		0	3
2535		0	3
2536		0	3
2537		0	3
2538		0	3
2539		0	3
2540		0	3
2541		0	3
2542		0	3
2544		0	3
2545		0	3
2546		0	3
2547		0	3
2548		0	3
2552		0	3
2553		0	3
2555		0	3
2556		0	3
2557		0	3
2558		0	3
2561		0	2,3
2562		0	3
2563		0	3
2566		0	3
2568		0	2,3
2569		0	3
2570		0	1,3
2573		0	3
2574		0	3
2575		0	3
2576		0	3
2577		0	3
2578		0	3
2579		0	3
2580		0	1,3
2581		0	3
2582		0	3
2584		0	1,3
2586		0	3
2588		0	3
2589		0	3
2591		0	3
2592		0	3
2593		0	3
2595		0	3
2596		0	3
2597		0	3
2599		0	3
2600		0	2,3
2602		0	3
2603		0	3
2605		0	3
2606		0	3
2607		0	3
2611		0	3
2612		0	3
2613		0	3
2614		0	3
2615		0	3
2617		0	3
2618		0	3
2620		0	3
2621		0	3
2623		0	3
2625		0	3
2626		0	3
2627		0	3
2629		0	3
2630		0	3
2632		0	3
2633		0	3
2634		0	3
2636		0	3
2638		0	3
2639		0	3
2640		0	3
2641		0	3
2642		0	3
2643		0	3
2647		0	3
2648		0	3
2649		0	3
2650		0	3
2651		0	3
2652		0	3
2653		0	3
2654		0	3
2655		0	2,3
2656		0	3
2657		0	3
2658		0	3
2662		0	3
2664		0	3
2665		0	3
2666		0	3
2667		0	3
2669		0	3
2670		0	3
2672		0	3
2674		0	3
2675		0	3
2676		0	3
2677		0	3
2681		0	3
2683		0	3
2684		0	3
2686		0	3
2688		0	3
2689		0	3
2692		0	3
2693		0	3
2694		0	3
2695		0	3
2698		0	3
2700		0	3
2701		0	3
2702		0	3
2703		0	3
2704		0	3
2705		0	3
2707		0	3
2708		0	3
2709		0	3
2710		0	3
2711		0	3
2712		0	3
2713		0	3
2714		0	2,3
2716		0	3
2717		0	3
2719		0	3
2721		0	3
2723		0	2,3
2725		0	3
2727		0	3
2728		0	3
2729		0	3
2730		0	3
2731		0	3
2733		0	3
2735		0	3
2736		0	3
2737		0	3
2741		0	3
2742		0	3
2744		0	3
2745		0	3
2746		0	3
2747		0	3
2749		0	3
2750		0	3
2751		0	3
2754		0	3
2755		0	3
2756		0	3
2757		0	3
2758		0	3
2759		0	3
2760		0	3
2761		0	3
2763		0	3
2765		0	3
2766		0	3
2767		0	3
2768		0	3
2770		0	3
2771		0	3
2773		0	3
2774		0	3
2775		0	3
2776		0	3
2777		0	3
2779		0	3
2780		0	3
2781		0	3
2782		0	3
2783		0	1,3
2784		0	3
2786		0	3
2787		0	3
2789		0	3
2790		0	3
2791		0	3
2792		0	3
2793		0	3
2794		0	3
2795		0	3
2796		0	3
2797		0	3
2798		0	3
2802		0	3
2803		0	3
2807		0	3
2808		0	3
2809		0	3
2811		0	3
2813		0	3
2814		0	3
2815		0	3
2816		0	3
2817		0	3
2819		0	3
2820		0	3
2822		0	3
2825		0	2,3
2827		0	3
2828		0	3
2829		0	3
2830		0	3
2831		0	3
2833		0	3
2835		0	3
2836		0	3
2837		0	3
2838		0	3
2841		0	3
2842		0	3
2845		0	3
2846		0	3
2848		0	3
2850		0	3
2852		0	3
2853		0	3
2854		0	3
2858		0	3
2859		0	3
2861		0	3
2862		0	3
2866		0	3
2870		0	3
2871		0	3
2874		0	3
2875		0	3
2876		0	3
2877		0	3
2882		0	3
2883		0	3
2885		0	3
2886		0	3
2887		0	3
2888		0	3
2889		0	3
2891		0	3
2893		0	3
2895		0	3
2896		0	2,3
2897		0	3
2900		0	3
2901		0	3
2902		0	3
2904		0	3
2906		0	3
2907		0	3
2908		0	3
2909		0	3
2912		0	3
2913		0	3
2915		0	3
2917		0	3
2918		0	3
2921		0	3
2924		0	1,3
2925		0	3
2926		0	3
2928		0	3
2929		0	3
2930		0	3
2931		0	3
2933		0	2,3
2935		0	3
2937		0	3
2938		0	3
2940		0	3
2941		0	3
2942		0	3
2944		0	3
2946		0	3
2947		0	3
2949		0	3
2950		0	3
2952		0	3
2954		0	3
2956		0	3
2957		0	3
2958		0	3
2959		0	3
2960		0	3
2964		0	3
2966		0	3
2967		0	3
2968		0	1,3
2969		0	3
2972		0	3
2973		0	1,3
2974		0	3
2975		0	3
2976		0	3
2979		0	3
2982		0	3
2984		0	2,3
2986		0	3
2988		0	3
2991		0	3
2993		0	3
2995		0	3
2996		0	3
2997		0	3
2998		0	3
2999		0	3
3001		0	3
3004		0	3
3005		0	1,2,3
3006		0	3
3007		0	3
3008		0	3
3016		0	3
3018		0	3
3019		0	3
3020		0	3
3025		0	3
3026		0	3
3027		0	2,3
3028		0	3
3030		0	3
3032		0	3
3034		0	3
3036		0	3
3041		0	3
3042		0	3
3045		0	3
3048		0	3
3051		0	3
3052		0	3
3054		0	3
3056		0	3
3057		0	3
3058		0	3
3059		0	3
3063		0	3
3066		0	3
3067		0	3
3068		0	3
3069		0	3
3072		0	3
3073		0	3
3074		0	3
3076		0	3
3077		0	3
3078		0	3
3079		0	3
3081		0	3
3084		0	3
3086		0	3
3088		0	3
3089		0	3
3092		0	3
3093		0	3
3095		0	3
3096		0	3
3097		0	3
3098		0	3
3102		0	3
3103		0	3
3105		0	3
3106		0	3
3108		0	1,3
3109		0	3
3111		0	3
3114		0	3
3116		0	3
3117		0	3
3118		0	3
3122		0	3
3124		0	3
3125		0	3
3127		0	3
3128		0	3
3131		0	3
3132		0	3
3133		0	3
3134		0	3
3137		0	3
3138		0	3
3139		0	3
3140		0	3
3142		0	3
3143		0	3
3144		0	3
3145		0	3
3146		0	3
3148		0	2,3
3150		0	3
3151		0	3
3152		0	3
3154		0	3
3155		0	3
3156		0	3
3157		0	3
3158		0	3
3161		0	3
3162		0	3
3164		0	3
3165		0	3
3166		0	3
3167		0	3
3168		0	3
3169		0	3
3171		0	3
3174		0	3
3175		0	3
3176		0	3
3177		0	3
3178		0	3
3179		0	3
3180		0	3
3181		0	3
3183		0	3
3186		0	0,2,3
3187		0	3
3189		0	3
3190		0	3
3191		0	3
3193		0	1,3
3194		0	3
3196		0	3
3197		0	3
3198		0	3
3201		0	3
3202		0	3
3203		0	3
3204		0	3
3205		0	3
3207		0	3
3208		0	3
3214		0	3
3218		0	3
3219		0	3
3220		0	3
3221		0	3
3222		0	3
3223		0	3
3229		0	3
3232		0	3
3233		0	3
3235		0	3
3236		0	3
3237		0	3
3239		0	3
3240		0	3
3241		0	3
3242		0	3
3243		0	3
3244		0	3
3248		0	3
3252		0	2,3
3254		0	3
3256		0	3
3257		0	3
3259		0	2,3
3262		0	3
3263		0	3
3264		0	3
3266		0	3
3267		0	3
3268		0	3
3270		0	3
3272		0	3
3273		0	3
3275		0	3
3276		0	3
3277		0	3
3278		0	3
3281		0	3
3283		0	3
3285		0	3
3288		0	3
3289		0	3
3290		0	3
3292		0	3
3293		0	3
3294		0	3
3295		0	3
3296		0	1,3
3297		0	3
3298		0	3
3300		0	2,3,4
3301		0	3
3302		0	3
3305		0	3
3308		0	3
3312		0	3
3314		0	3
3315		0	3
3317		0	3
3318		0	3
3319		0	3
3322		0	3
3323		0	3
3324		0	3
3325		0	3
3326		0	3
3327		0	3
3328		0	3
3329		0	3
3330		0	3
3331		0	3
3332		0	3
3333		0	3
3336		0	3
3337		0	3
3338		0	3
3340		0	3
3342		0	3
3343		0	3
3346		0	3
3347		0	3
3349		0	3
3350		0	3
3352		0	3
3353		0	3
3354		0	3
3357		0	2,3
3358		0	3
3359		0	3
3360		0	2,3
3361		0	3
3362		0	3
3363		0	3
3364		0	3
3365		0	2,3
3366		0	3
3368		0	3
3371		0	3
3372		0	3
3375		0	3
3376		0	3
3377		0	3
3379		0	3
3380		0	3
3384		0	3
3386		0	3
3387		0	3
3389		0	3
3391		0	3
3392		0	2,3
3393		0	3
3397		0	3
3398		0	3
3399		0	0,2,3
3401		0	3
3403		0	3
3404		0	3
3405		0	3
3406		0	3
3407		0	3
3409		0	3
3410		0	3
3411		0	3
3413		0	3
3414		0	3
3416		0	3
3418		0	3
3419		0	3
3425		0	3
3426		0	3
3429		0	3
3430		0	3
3431		0	3
3433		0	3
3434		0	3
3435		0	3
3436		0	3
3439		0	3
3440		0	3
3441		0	3
3442		0	3
3444		0	3
3446		0	3
3447		0	3
3448		0	3
3450		0	3
3451		0	3
3453		0	2,3
3456		0	2,3
3457		0	3
3459		0	3
3460		0	3
3461		0	3
3462		0	3
3463		0	3
3466		0	3
3467		0	2,3
3468		0	3
3470		0	3
3472		0	3
3476		0	3
3478		0	3
3479		0	3
3480		0	3
3482		0	3
3484		0	3
3486		0	3
3489		0	3
3490		0	3
3491		0	3
3492		0	3
3493		0	3
3494		0	3
3495		0	3
3497		0	3
3500		0	3
3502		0	2,3
3503		0	3
3505		0	3
3507		0	3
3508		0	3
3510		0	3
3511		0	3
3512		0	3
3513		0	3
3514		0	3
3515		0	3
3520		0	3
3523		0	3
3524		0	3
3525		0	3
3526		0	3
3529		0	3
3531		0	3
3532		0	3
3533		0	3
3534		0	2,3
3535		0	3
3536		0	3
3538		0	3
3540		0	3
3541		0	3
3545		0	3
3547		0	3
3550		0	3
3553		0	3
3554		0	3
3555		0	3
3556		0	3
3557		0	3
3558		0	3
3559		0	3
3561		0	3
3563		0	3
3564		0	3
3565		0	3
3567		0	3
3570		0	3
3572		0	3
3574		0	3
3575		0	3
3576		0	3
3577		0	3
3578		0	3
3579		0	3
3580		0	3
3581		0	3
3582		0	3
3583		0	2,3
3584		0	3
3585		0	3
3586		0	3
3587		0	3
3588		0	3
3589		0	3
3590		0	3
3591		0	0,3
3594		0	3
3596		0	3
3601		0	3
3602		0	3
3603		0	3
3604		0	2,3
3605		0	3
3606		0	3
3607		0	3
3608		0	3
3609		0	3
3610		0	3
3611		0	3
3612		0	3
3613		0	3
3614		0	3
3616		0	3
3617		0	2,3
3618		0	3
3620		0	3
3621		0	3
3622		0	3
3630		0	3
3635		0	3
3636		0	3
3637		0	3
3638		0	3
3639		0	3
3640		0	3
3642		0	3
3644		0	3
3645		0	3
3647		0	3
3648		0	3
3649		0	3
3651		0	2,3
3652		0	3
3653		0	3
3654		0	3
3655		0	3
3656		0	3
3660		0	3
3661		0	3
3663		0	3
3664		0	3
3669		0	3
3670		0	3
3672		0	3
3674		0	3
3675		0	3
3676		0	3
3678		0	3
3679		0	3
3681		0	3
3682		0	3
3683		0	3
3684		0	3
3686		0	3
3688		0	3
3689		0	3
3690		0	3
3691		0	3
3693		0	3
3695		0	3
3697		0	3
3698		0	2,3
3700		0	3
3702		0	3
3704		0	2,3
3705		0	3
3708		0	3
3709		0	3
3710		0	3
3712		0	3
3713		0	3
3714		0	3
3715		0	2,3
3718		0	3
3723		0	3
3724		0	1,3
3725		0	3
3726		0	3
3727		0	3
3728		0	3
3729		0	3
3730		0	3
3731		0	2,3
3732		0	3
3734		0	3
3735		0	3
3739		0	3
3741		0	3
3742		0	0,3
3743		0	3
3745		0	3
3746		0	3
3748		0	3
3750		0	3
3751		0	3
3752		0	3
3753		0	3
3756		0	3
3757		0	3
3758		0	3
3759		0	3
3761		0	3
3762		0	3
3764		0	2,3
3765		0	3
3766		0	3
3767		0	3
3769		0	3
3770		0	3
3772		0	3
3774		0	3
3777		0	3
3779		0	3
3780		0	3
3781		0	3
3782		0	3
3783		0	0,2,3
3784		0	3
3786		0	1,2,3
3787		0	2,3
3788		0	3
3789		0	3
3791		0	3
3792		0	3
3793		0	3
3794		0	2,3
3795		0	3
3797		0	3
3798		0	3
3799		0	3
3800		0	3
3802		0	3
3803		0	3
3804		0	3
3805		0	3
3806		0	1,3
3808		0	3
3809		0	3
3810		0	3
3811		0	3
3812		0	3
3815		0	3
3816		0	3
3817		0	3
3818		0	1,3
3819		0	1,3
3820		0	3
3822		0	2,3,4
3824		0	3
3825		0	3
3826		0	3
3827		0	3
3828		0	3
3829		0	3
3831		0	2,3
3834		0	3
3835		0	3
3836		0	3
3837		0	3
3838		0	3
3842		0	3
3844		0	3
3845		0	3
3846		0	3
3847		0	3
3848		0	3
3853		0	3
3854		0	3
3855		0	2,3
3856		0	3
3857		0	3
3858		0	3
3859		0	3
3860		0	3
3861		0	3
3862		0	3
3864		0	3
3867		0	3
3868		0	3
3869		0	3
3870		0	3
3871		0	3
3873		0	3
3874		0	3
3876		0	3
3877		0	3
3878		0	3
3879		0	2
3880		0	3
3882		0	3
3884		0	2,3
3885		0	3
3886		0	3
3887		0	3
3888		0	3
3889		0	3
3890		0	3
3893		0	3
3894		0	3
3895		0	3
3896		0	3
3897		0	3
3898		0	3
3900		0	3
3901		0	3
3902		0	3
3903		0	3
3904		0	3
3905		0	3
3906		0	3
3908		0	3
3909		0	3
3910		0	3
3911		0	3
3914		0	3
3915		0	3
3917		0	3
3919		0	3
3920		0	3
3921		0	3
3923		0	2,3
3924		0	3
3926		0	3
3928		0	3
3930		0	3
3931		0	3
3933		0	3
3935		0	3
3936		0	3
3938		0	3
3939		0	3
3941		0	3
3943		0	3
3947		0	3
3948		0	3
3950		0	1,3
3952		0	1,3
3953		0	3
3955		0	3
3957		0	3
3958		0	3
3959		0	3
3961		0	3
3962		0	3
3964		0	3
3965		0	3
3966		0	3
3967		0	3
3969		0	3
3970		0	2,3
3971		0	3
3974		0	3
3976		0	3
3978		0	3
3979		0	3
3982		0	3
3984		0	3
3985		0	3
3987		0	3
3990		0	3
3991		0	3
3992		0	2,3
3993		0	3
3994		0	3
3995		0	3
3996		0	3
3998		0	3
3999		0	3
4000		0	3
4001		0	3
4002		0	3
4004		0	3
4005		0	1,3
4006		0	3
4011		0	3
4013		0	3
4014		0	3
4016		0	3
4017		0	3
4018		0	3
4020		0	3
4021		0	3
4022		0	2,3
4023		0	3
4024		0	3
4025		0	3
4026		0	3
4027		0	3
4028		0	3
4029		0	3
4031		0	3
4033		0	3
4035		0	3
4036		0	3
4041		0	3
4043		0	3
4044		0	3
4045		0	2,3
4046		0	3
4047		0	3
4049		0	3
4050		0	3
4051		0	1,3
4052		0	3
4053		0	3
4054		0	3
4059		0	3
4064		0	3
4071		0	3
4074		0	2,3
4075		0	1,3
4077		0	3
4078		0	3
4079		0	2,3
4081		0	3
4082		0	3
4083		0	3
4084		0	3
4087		0	3
4089		0	3
4091		0	3
4096		0	3
4097		0	3
4098		0	2,3
4099		0	3
4102		0	3
4103		0	3
4104		0	3
4106		0	3
4107		0	3
4108		0	3
4109		0	3
4110		0	3
4114		0	3
4118		0	3
4121		0	3
4123		0	3
4124		0	2,3
4125		0	3
4126		0	3
4127		0	3
4129		0	3
4130		0	3
4132		0	3
4133		0	3
4134		0	3
4135		0	3
4137		0	3
4138		0	2,3
4139		0	3
4141		0	2,3
4142		0	3
4143		0	3
4145		0	3
4146		0	3
4147		0	3
4148		0	3
4149		0	3
4150		0	3
4151		0	3
4152		0	2,3
4154		0	3
4156		0	0,3
4159		0	3
4163		0	3
4164		0	3
4165		0	3
4166		0	3
4168		0	3
4169		0	3
4173		0	3
4177		0	3
4178		0	3
4180		0	3
4181		0	3
4183		0	3
4187		0	3
4189		0	3
4192		0	3
4193		0	3
4198		0	3
4200		0	3
4201		0	3
4202		0	0,2,3
4203		0	3
4204		0	3
4205		0	3
4208		0	3
4209		0	3
4210		0	3
4213		0	3
4215		0	3
4217		0	3
4218		0	3
4219		0	2,3
4220		0	3
4221		0	3
4222		0	3
4223		0	3
4228		0	0,2,3
4229		0	3
4231		0	3
4235		0	3
4236		0	3
4237		0	3
4238		0	3
4239		0	3
4240		0	3
4243		0	3
4245		0	3
4246		0	0,3
4247		0	3
4248		0	3
4249		0	3
4250		0	3
4251		0	3
4252		0	3
4253		0	3
4254		0	2,3
4255		0	3
4256		0	3
4260		0	3
4262		0	3
4264		0	3
4266		0	3
4267		0	3
4269		0	3
4270		0	3
4271		0	3
4272		0	3
4274		0	1,2
4276		0	3
4277		0	3
4278		0	1,2,3
4279		0	3
4280		0	3
4281		0	3
4282		0	3
4285		0	3
4286		0	1,3
4288		0	3
4289		0	3
4290		0	3
4293		0	3
4294		0	3
4296		0	3
4297		0	3
4299		0	3
4300		0	3
4301		0	3
4302		0	3
4303		0	2,3
4309		0	3
4311		0	3
4313		0	3
4314		0	3
4315		0	3
4317		0	3
4318		0	3
4320		0	2,3
4323		0	3
4325		0	3
4326		0	1,3
4327		0	3
4328		0	2,3
4332		0	3
4333		0	2
4336		0	3
4337		0	3
4338		0	3
4339		0	3
4341		0	3
4344		0	3
4346		0	3
4347		0	2,3
4348		0	2,3
4350		0	3
4352		0	3
4353		0	3
4354		0	3
4356		0	3
4359		0	3
4360		0	3
4364		0	3
4366		0	3
4367		0	3
4369		0	3
4370		0	3
4371		0	3
4373		0	3
4375		0	3
4377		0	3
4378		0	3
4380		0	3
4384		0	3
4385		0	1,3
4387		0	3
4388		0	3
4389		0	1,3
4392		0	3
4395		0	3
4396		0	3
4397		0	3
4399		0	3
4400		0	2,3
4405		0	3
4407		0	2,3
4409		0	3
4411		0	3
4412		0	3
4413		0	3
4414		0	3
4417		0	3
4418		0	3
4420		0	3
4421		0	3
4422		0	3
4427		0	3
4429		0	3
4433		0	2,3
4435		0	3
4438		0	3
4440		0	3
4441		0	3
4442		0	3
4443		0	3
4444		0	3
4446		0	3
4447		0	3
4452		0	3
4455		0	3
4457		0	3
4458		0	3
4459		0	3
4460		0	3
4461		0	3
4464		0	3
4465		0	3
4467		0	3
4468		0	3
4470		0	3
4471		0	3
4473		0	2,3
4474		0	3
4475		0	3
4476		0	3
4478		0	3
4479		0	3
4480		0	3
4481		0	3
4482		0	3
4483		0	3
4484		0	3
4489		0	3
4490		0	3
4492		0	3
4493		0	3
4495		0	2,3
4499		0	3
4500		0	3
4502		0	3
4503		0	3
4504		0	3
4505		0	2,3
4507		0	3
4508		0	3
4509		0	3
4511		0	3
4512		0	3
4513		0	2,3
4514		0	3
4515		0	3
4517		0	3
4520		0	3
4522		0	3
4526		0	3
4527		0	3
4530		0	3
4531		0	3
4533		0	3
4534		0	3
4538		0	3
4541		0	3
4542		0	3
4543		0	3
4544		0	3
4546		0	3
4548		0	3
4550		0	3
4551		0	3
4553		0	3
4554		0	3
4556		0	3
4557		0	3
4558		0	3
4559		0	3
4563		0	3
4564		0	2,3
4565		0	2,3
4567		0	3
4568		0	3
4569		0	3
4570		0	3
4571		0	2,3
4572		0	3
4573		0	3
4576		0	3
4577		0	2,3
4578		0	3
4581		0	3
4582		0	3
4586		0	3
4589		0	3
4591		0	2,3
4592		0	3
4593		0	3
4595		0	3
4602		0	3
4604		0	3
4605		0	3
4608		0	3
4609		0	3
4610		0	2,3
4611		0	3
4615		0	3
4616		0	1,3
4617		0	3
4618		0	3
4619		0	3
4620		0	2,3
4621		0	3
4622		0	3
4623		0	3
4624		0	3
4625		0	3
4629		0	3
4633		0	3
4636		0	3
4637		0	3
4639		0	3
4640		0	3
4641		0	3
4643		0	3
4648		0	3
4649		0	3
4650		0	3
4651		0	3
4653		0	3
4654		0	3
4655		0	3
4656		0	3
4657		0	3
4659		0	3
4660		0	3
4663		0	3
4664		0	3
4666		0	3
4667		0	3
4668		0	3
4669		0	2,3
4670		0	3
4672		0	1,2,3
4674		0	3
4677		0	3
4678		0	3
4679		0	3
4681		0	3
4682		0	2,3
4686		0	3
4687		0	3
4688		0	3
4690		0	3
4693		0	3
4694		0	3
4698		0	3
4700		0	2,3
4701		0	3
4704		0	3
4705		0	3
4708		0	0,2,3
4710		0	3
4713		0	3
4716		0	2,3
4717		0	3
4719		0	3
4723		0	3
4724		0	3
4725		0	3
4726		0	3
4727		0	3
4728		0	3
4729		0	3
4730		0	3
4733		0	3
4735		0	3
4737		0	2,3
4739		0	3
4741		0	3
4744		0	3
4746		0	3
4747		0	3
4749		0	3
4750		0	3
4751		0	3
4754		0	3
4755		0	3
4758		0	3
4760		0	3
4761		0	3
4763		0	3
4764		0	3
4768		0	3
4770		0	3
4771		0	3
4774		0	3
4775		0	3
4778		0	3
4779		0	3
4780		0	2,3
4781		0	3
4784		0	3
4785		0	3
4787		0	3
4788		0	3
4790		0	3
4791		0	1,3,4
4793		0	3
4794		0	3
4795		0	3
4796		0	2,3
4798		0	3
4799		0	3
4800		0	3
4801		0	3
4802		0	3
4805		0	3
4806		0	3
4807		0	3
4809		0	3
4811		0	1,2,3
4815		0	3
4816		0	3
4819		0	3
4820		0	3
4822		0	3
4823		0	3
4825		0	0,2,3
4828		0	3
4829		0	3
4830		0	3
4835		0	3
4836		0	3
4838		0	3
4839		0	3,4
4840		0	3
4841		0	3
4842		0	3
4844		0	3
4845		0	3
4846		0	3
4849		0	3
4850		0	3
4852		0	3
4853		0	3
4855		0	3
4857		0	3
4859		0	0,3
4860		0	3
4865		0	3
4866		0	3
4867		0	0,3
4868		0	3
4869		0	3
4870		0	3
4874		0	0,2,3
4877		0	3
4878		0	3
4880		0	3
4883		0	3
4885		0	3
4886		0	3
4887		0	3
4889		0	3
4892		0	0,3
4893		0	3
4895		0	3
4898		0	3
4899		0	3
4900		0	3
4901		0	3
4903		0	3
4905		0	3
4906		0	0,3
4908		0	3
4909		0	3
4910		0	3
4915		0	3
4917		0	3
4919		0	3
4920		0	2,3
4921		0	3
4922		0	3
4924		0	3
4926		0	2,3
4927		0	3
4928		0	3
4929		0	0,3
4930		0	3
